1008   3600 
 1016   3600 
 988   3600 
 1008   3600 
 996   3600 
 992   3600 
 956   3600 
 1024   3600 
 1024   3600 
 988   3600 
 1012   3600 
 996   3600 
 984   3600 
 1004   3600 
 988   3600 
 1012   3600 
 1008   3600 
 1000   3600 
 984   3600 
 992   3600 
 992   3600 
 996   3600 
 992   3600 
 1000   3600 
 996   3600 
 1004   3600 
 1016   3600 
 996   3600 
 988   3600 
 996   3600 
 1000   3600 
 1004   3600 
 992   3600 
 992   3600 
 980   3600 
 1000   3600 
 996   3600 
 1012   3600 
 996   3600 
 996   3600 
 988   3600 
 996   3600 
 992   3600 
 1008   3600 
 996   3600 
 988   3600 
 992   3600 
 996   3600 
 992   3600 
 984   3600 
 1012   3600 
 1008   3600 
 1000   3600 
 1012   3600 
 1016   3600 
 984   3600 
 988   3600 
 1012   3600 
 956   3600 
 1000   3600 
 992   3600 
 1000   3600 
 1000   3600 
 1000   1600 
 1012   1600 
 1016   1600 
 1040   1600 
 1020   1600 
 1056   1600 
 1096   1600 
 1088   1600 
 1152   1600 
 1144   1600 
 1180   1600 
 1148   1600 
 1220   1600 
 1248   1600 
 1264   1600 
 1292   1600 
 1304   1600 
 1328   1600 
 1340   1600 
 1348   1600 
 1372   1600 
 1372   1600 
 1372   1600 
 1408   1600 
 1400   1600 
 1420   1600 
 1424   1600 
 1420   1600 
 1416   1600 
 1444   1600 
 1440   1600 
 1428   1600 
 1436   1600 
 1436   1600 
 1472   1600 
 1444   1600 
 1460   1600 
 1444   1600 
 1448   1600 
 1468   1600 
 1456   1600 
 1404   1600 
 1472   1600 
 1504   1600 
 1476   1600 
 1468   1600 
 1468   1600 
 1488   1600 
 1500   1600 
 1480   1600 
 1508   1600 
 1492   1600 
 1512   1600 
 1504   1600 
 1492   1600 
 1492   1600 
 1488   1600 
 1500   1600 
 1496   1600 
 1500   1600 
 1480   1600 
 1476   1600 
 1536   1600 
 1480   1600 
 1488   1600 
 1484   1600 
 1476   1600 
 1468   1600 
 1468   1600 
 1464   1600 
 1480   1600 
 1472   1600 
 1476   1600 
 1452   1600 
 1464   1600 
 1468   1600 
 1468   1600 
 1456   1600 
 1460   1600 
 1464   1600 
 1472   1600 
 1460   1600 
 1484   1600 
 1476   1600 
 1436   1600 
 1468   1600 
 1468   1600 
 1476   1600 
 1476   1600 
 1468   1600 
 1480   1600 
 1468   1600 
 1464   1600 
 1476   1600 
 1476   1600 
 1472   1600 
 1468   1600 
 1476   1600 
 1484   1600 
 1464   1600 
 1464   1600 
 1468   1600 
 1476   1600 
 1404   1600 
 1468   1600 
 1472   1600 
 1472   1600 
 1484   1600 
 1468   1600 
 1456   1600 
 1484   1600 
 1460   1600 
 1460   1600 
 1456   1600 
 1472   1600 
 1468   1600 
 1436   1600 
 