992   3600 
 996   3600 
 992   3600 
 984   3600 
 1008   3600 
 988   3600 
 972   3600 
 988   3600 
 1040   1600 
 1020   1600 
 1012   1600 
 1020   1600 
 1036   1600 
 1068   1600 
 1092   1600 
 1108   1600 
 1132   1600 
 1172   1600 
 1216   1600 
 1232   1600 
 1244   1600 
 1256   1600 
 1280   1600 
 1312   1600 
 1340   1600 
 1364   1600 
 1372   1600 
 1396   1600 
 1408   1600 
 1408   1600 
 1428   1600 
 1428   1600 
 1444   1600 
 1444   1600 
 1448   1600 
 1436   1600 
 1480   1600 
 1456   1600 
 1484   1600 
 1484   1600 
 1484   1600 
 1504   1600 
 1464   1600 
 1496   1600 
 1484   1600 
 1504   1600 
 1488   1600 
 1508   1600 
 1492   1600 
 1504   1600 
 1504   1600 
 1508   1600 
 1524   1600 
 1504   1600 
 1512   1600 
 1508   1600 
 1508   1600 
 1496   1600 
 1512   1600 
 1504   1600 
 1500   1600 
 1508   1600 
 1516   1600 
 1508   1600 
 1508   1600 
 1508   1600 
 1500   1600 
 1512   1600 
 1484   1600 
 1496   1600 
 1504   1600 
 1500   1600 
 1496   1600 
 1504   1600 
 1496   1600 
 1468   1600 
 1504   1600 
 1500   1600 
 1500   1600 
 1516   1600 
 1500   1600 
 1504   1600 
 1504   1600 
 1500   1600 
 1540   1600 
 1504   1600 
 1508   1600 
 1500   1600 
 1500   1600 
 1516   1600 
 1508   1600 
 1504   1600 
 1500   1600 
 1516   1600 
 1500   1600 
 1500   1600 
 1500   1600 
 1520   1600 
 1536   1600 
 1512   1600 
 1516   1600 
 1508   1600 
 1500   1600 
 1500   1600 
 1468   1600 
 1512   1600 
 1516   1600 
 1512   1600 
 1520   1600 
 1504   1600 
 1500   1600 
 1508   1600 
 1504   1600 
 1504   1600 
 1508   1600 
 1496   1600 
 1520   1600 
 1492   1600 
 1508   1600 
 1496   1600 
 1496   1600 
 1508   1600 
 1500   1600 
 1496   1600 
 1504   1600 
 1496   1600 
 1500   1600 
 1512   1600 
 1504   1600 
 1512   1600 
 